#TESTNET CREDENTIAL

MY_ACCOUNT_ID = 0.0.3885555
OPERATOR_PBKEY = 302a300506032b65700321009f9714b21ecf6adae421843f247650f4e8b542cfede62052396296eb04b0721c
MY_PRIVATE_KEY = 302e020100300506032b6570042204204dfd54adca22338306693998ce7338e4b662be00307a411e8467917a57c38ee1

#=================== CREDENTIAL ACCOUNT_1=======================
ACCOUNT_1_ID = 0.0.4053811 
ACCOUNT_1_PBKEY = 302a300506032b65700321007f539b7c0683510439e8da38543c4e0b57f8169dd8d4b885618208969422d997 
ACCOUNT_1_PVKEY = 302e020100300506032b657004220420394f50647f23c744d05405dce0479598fbbfdeedce9413073eeefa67ce4557bb 
 
#=================== CREDENTIAL ACCOUNT_2=======================
ACCOUNT_2_ID = 0.0.4053812 
ACCOUNT_2_PBKEY = 302a300506032b657003210083ee166cf0f8526ce571ea2cc5555bf38107a5b49a42349c0e5faf4e185346f3 
ACCOUNT_2_PVKEY = 302e020100300506032b6570042204201a6a1045386e6575e5940e5a9ac10da14a9b3ecf1c9d8fcf5ff562f7314514b0 
 
#=================== CREDENTIAL ACCOUNT_3=======================
ACCOUNT_3_ID = 0.0.4053813 
ACCOUNT_3_PBKEY = 302a300506032b65700321006960a79ee5e517fee8ac3509f7d0554f3420351ae0121ee42d386d1686ee3a9e 
ACCOUNT_3_PVKEY = 302e020100300506032b6570042204204f32e318642b150140f1fb37e7b68523a3df761f6f80aef06986ae049f2fc0bb 
 
#=================== CREDENTIAL ACCOUNT_4=======================
ACCOUNT_4_ID = 0.0.4053814 
ACCOUNT_4_PBKEY = 302a300506032b6570032100bfa3ef8867aecc714938fe52e592c29473af8b84c729fc83c18298eaa32df2a7 
ACCOUNT_4_PVKEY = 302e020100300506032b6570042204207319a629570aefbed6b3376d6b9d93c98c23ec8b4cc2b7c200f5d174921dbeb9 
 
#=================== CREDENTIAL ACCOUNT_5=======================
ACCOUNT_5_ID = 0.0.4053815 
ACCOUNT_5_PBKEY = 302a300506032b6570032100309db114ab1f3053520e8a18425ce57e8a90b792a472709e5919add82184e692 
ACCOUNT_5_PVKEY = 302e020100300506032b657004220420be8b58b7f6a50e71450c17e2080159ff53729c91f2cde81debf9e5d7cee779ad 

#TOKEN ID
 
TOKEN_ID = 0.0.4054236

#CONTRACT ID

CONTRACT_ID = 0.0.4054590

#SCHEDULED TRANSACTION ID
schedule_ID = 0.0.4054741
scheduled_transaction_ID = 0.0.3885555@1681287208.503531637

HEDERA_NETWORK=testnet

#TOPIC ID
TOPIC_ID = 0.0.4055045